118.620003  102.825005  60.5
146.700027  50.625004  60.5
98.820007  97.605011  77.5
82.080002  112.545006  60.5
340.200043  219.285019  60.5
120.780006  111.105011  77.5
148.680023  118.665009  77.5
271.26004  164.38501  77.5
80.459999  115.785004  61.5
264.420044  224.14502  77.5
273.780029  227.745026  77.5
337.500031  203.805023  66.0
243.90004  288.585022  61.5
225.360046  308.925018  77.5
236.52005  284.985016  64.5
306.900024  331.425018  77.5
141.660019  76.184998  61.5
309.780029  331.785034  77.5
247.14003  212.805023  61.5
87.299995  42.345001  78.0
99.540001  83.385002  79.0
271.26004  282.465027  61.5
97.379997  91.305008  78.5
229.320038  303.705017  61.5
118.800003  64.305008  78.0
147.780014  116.325012  79.0
268.560028  313.965027  65.5
106.200005  55.305  62.0
205.740036  300.825012  78.0
269.280029  317.38504  78.0
259.560028  349.965027  78.0
125.460014  48.285004  78.5
184.14003  59.985001  78.5
251.280045  214.785019  78.0
339.120056  214.425018  65.5
104.940002  71.325005  78.5
267.300049  224.865036  78.0
260.640015  314.505005  62.0
288.000031  323.14502  62.0
173.340027  248.985031  78.0
130.680023  101.925011  64.0
327.780029  193.545029  81.0
234.180054  206.685013  80.0
131.760025  101.385002  63.5
239.220047  210.825012  78.5
245.340027  211.185028  79.0
229.860046  308.745026  64.0
180.360031  256.904999  78.5
86.580002  71.684998  63.0
152.820023  270.225006  78.5
157.320023  275.085022  78.5
210.780029  331.605011  79.0
351.900024  218.925018  69.5
214.020035  327.825012  80.0
88.379997  53.325005  79.0
214.380035  244.845032  63.0
129.780014  81.225006  79.0
198.000031  307.845032  63.0
119.160011  112.545006  79.0
234.720047  311.265015  63.5
212.76004  115.425011  82.0
255.420029  311.985016  65.0
133.560028  152.14502  79.0
96.660004  167.985016  79.0
105.660004  58.185001  79.5
96.480003  74.025002  63.5
181.800018  64.305008  79.5
317.880035  214.605026  63.5
237.060043  207.76503  80.0
136.980011  215.325012  63.5
163.440018  63.405006  64.0
130.860031  82.665001  79.5
111.960007  227.385025  79.0
118.800003  126.584999  79.5
135.720016  151.605026  80.0
179.64003  293.085022  63.5
241.920044  209.745026  79.5
170.280029  301.365021  64.5
265.680023  220.905029  80.0
256.140015  304.245026  65.5
266.940033  222.345032  79.5
118.800003  72.584999  87.0
181.080032  81.045006  64.0
174.060028  97.965004  86.0
288.360016  148.905014  85.5
312.840057  175.905029  85.5
334.260071  198.585022  85.5
305.820038  289.665009  86.5
203.40004  296.14502  90.0
125.82  74.385002  80.0
187.740036  292.904999  86.5
234.90004  109.305008  86.5
237.960037  110.025009  86.5
115.560013  118.305008  80.0
332.460052  187.965027  87.5
106.020004  169.245026  80.0
338.400024  189.045029  82.5
319.680023  198.225021  87.0
172.980026  77.445007  88.0
173.880035  75.285004  87.0
170.820023  79.425003  87.5
120.060013  229.905029  87.5
330.480042  191.745026  87.5
241.740036  102.645004  88.0
160.740021  281.565033  92.5
152.280014  279.585022  87.0
292.320038  153.945023  88.5
309.780029  170.685013  88.0
183.420029  98.145004  89.0
307.080017  164.025009  89.5
308.160034  167.985016  89.0
303.480042  170.685013  89.0
310.500031  197.865036  89.0
151.740021  289.125  89.5
150.300018  265.365021  99.0
280.620056  220.725021  89.5
316.980042  247.905029  90.0
317.160034  249.885025  89.5
231.480026  346.904999  90.0
198.90004  80.505005  92.0
268.02005  124.425011  95.5
180.360031  81.584999  90.5
229.860046  346.365021  90.5
181.440033  293.085022  90.5
184.680038  77.445007  96.0
182.520035  297.585022  94.0
196.740036  109.485001  92.0
272.52005  349.785034  92.5
207.90004  114.165009  93.5
193.14003  91.125008  95.0
175.500015  76.365005  92.0
207.180038  83.385002  94.5
266.940033  332.865021  92.5
184.14003  94.905006  92.5
239.76004  143.865021  96.0
177.300018  291.825012  92.0
172.800018  229.905029  93.5
269.280029  334.665039  94.5
212.940033  89.865005  94.5
184.14003  240.345032  94.5
297.180023  176.445023  96.5
169.920029  232.425018  95.5
219.420044  81.945007  96.5
273.960022  207.225021  97.0
270.540009  206.865036  98.0
196.020035  320.985016  96.5
264.960022  196.605026  98.5
271.620056  200.205032  98.5
164.700027  253.125015  104.0
192.240036  324.765015  98.5
219.600037  318.825012  98.5
273.240021  206.14502  97.5
225.720047  88.065002  102.5
260.100037  197.50502  100.5
231.660034  97.065002  100.0
162.720032  117.225006  100.0
118.080009  182.025009  100.5
268.740021  202.905029  103.0
239.580048  149.26503  100.5
181.440033  303.525024  102.5
245.160034  148.545013  101.0
262.26004  198.945023  104.5
189.000031  252.945023  101.0
168.300018  119.74501  101.5
119.160011  183.465027  102.0
173.700027  246.465027  117.0
322.560059  202.905029  102.0
170.460022  121.545006  102.5
327.780029  284.265015  106.5
243.360046  101.205009  103.5
250.200043  104.625008  103.5
202.14003  149.445023  103.5
254.520035  157.905029  105.5
162.900024  220.00502  105.0
226.980026  166.725006  107.5
163.800018  222.705032  106.5
248.76004  106.065002  104.0
192.780029  292.185028  104.5
243.90004  121.545006  104.0
276.300049  165.64502  115.5
240.480042  114.705009  106.0
264.420044  139.185013  106.5
250.560043  151.245026  105.5
237.240036  102.105011  105.5
251.820053  128.74501  106.5
224.460037  163.125015  107.5
322.920044  289.125  106.0
200.880035  315.225006  108.0
318.240051  184.545029  106.0
202.680038  322.245026  110.5
239.040039  109.485001  108.0
316.080017  182.925018  106.5
316.26004  275.985016  109.5
322.920044  274.545013  108.5
325.980042  277.605011  108.5
192.780029  232.245026  109.0
321.120056  285.88504  109.5
314.100037  185.985016  113.5
324.900024  286.785034  107.0
314.460022  186.705017  108.0
183.780029  279.765015  114.5
248.220047  119.56501  110.5
188.280029  228.105026  111.5
146.160019  169.245026  35.0
150.120026  178.785019  36.5
205.020035  304.245026  111.5
185.220032  214.245026  111.5
171.360031  219.465027  115.5
175.500015  227.925018  111.0
135.180023  143.14502  37.0
305.640045  248.625015  111.0
303.300049  242.325027  116.5
138.780014  163.485016  36.0
183.780029  295.785034  113.5
262.800049  129.105026  114.0
205.920029  205.245026  36.5
178.560028  281.925018  116.5
264.060028  125.865013  115.0
154.620026  135.405014  35.5
106.200005  154.665024  36.5
265.860016  128.74501  116.5
275.580017  143.325012  116.0
117.540009  149.805023  36.5
190.800034  162.76503  35.5
147.960022  176.805023  27.0
120.060013  158.445023  35.5
277.740021  143.50502  118.0
152.280014  176.805023  30.5
273.600037  153.405014  117.5
139.860031  169.785019  36.0
162.540024  191.205032  28.0
228.060043  282.64502  128.0
221.580032  300.105011  123.0
181.800018  168.525009  35.5
207.180038  125.865013  36.5
196.740036  171.405029  35.5
200.880035  167.625015  38.0
177.480026  181.485016  35.5
205.380035  202.725021  36.5
180.540039  204.525024  36.5
106.380005  147.285019  37.0
169.740021  159.88501  37.0
189.720032  164.565033  37.0
192.960022  164.565033  37.0
176.400024  170.685013  38.5
80.459999  188.50502  37.0
180.720032  208.845016  37.5
133.920013  118.485008  38.5
212.220032  125.505013  40.5
130.320007  127.485008  39.5
156.420029  134.325012  40.0
224.280029  156.105026  37.5
102.600006  162.585022  37.5
130.320007  178.065033  37.5
178.920029  271.304993  51.0
284.940033  302.265015  69.0
160.200027  190.305023  38.0
133.38002  191.385025  37.5
95.400009  97.605011  51.5
154.620026  197.325012  37.5
135.540024  224.505035  37.5
216.180038  243.945023  37.5
129.060028  122.625008  38.5
298.800049  320.985016  69.5
107.280006  140.805023  38.0
128.340012  125.865013  40.0
180.000015  191.745026  28.5
118.44001  155.205017  38.0
86.760002  130.00502  52.0
227.340027  157.725006  38.0
296.280029  322.425018  71.0
218.880035  247.185028  38.0
313.380035  322.785034  69.0
254.880051  165.285019  38.0
156.780029  153.045013  29.0
197.64003  132.345016  51.5
298.440063  322.785034  73.0
173.160019  181.485016  38.0
134.640015  181.845016  31.0
247.320038  146.74501  51.5
131.760025  53.685001  69.5
298.980042  173.745026  51.5
138.780014  105.705009  69.5
180.540039  181.305023  39.5
162.000015  152.14502  30.0
115.200005  145.845016  40.5
214.020035  243.045029  39.5
140.400024  106.605011  69.5
254.700027  212.985016  51.5
158.580032  167.625015  29.5
230.040039  110.385002  70.0
85.320007  189.585022  38.5
142.020035  176.625015  29.5
155.160019  200.745026  40.0
212.580032  243.225021  38.5
233.100037  113.265007  70.5
304.380035  222.345032  55.5
128.88002  146.565018  39.5
272.700043  131.26503  69.5
273.420044  126.584999  69.5
223.740036  155.925018  40.0
155.340012  155.925018  30.5
257.580017  162.225006  40.5
245.700043  174.64502  39.0
296.100037  236.025024  53.0
181.260025  185.085022  39.5
129.060028  142.605026  40.0
134.820007  218.025024  39.0
314.640045  175.00502  69.5
155.88002  45.225002  73.5
185.040039  187.605026  39.5
89.099998  188.685013  40.0
136.62001  220.00502  42.0
163.980026  164.925018  30.5
109.620003  142.24501  41.0
131.760025  143.865021  41.5
183.960022  174.285019  39.5
173.520035  190.305023  30.5
179.100021  161.865021  41.5
181.620026  174.825012  40.0
179.100021  168.165024  40.5
203.580032  179.50502  40.5
166.500015  170.865021  31.0
145.980011  186.525009  41.5
288.720032  252.76503  54.5
150.660019  190.665024  40.0
180.900024  191.745026  42.0
188.100037  104.625008  40.5
134.100021  103.905006  71.0
114.480011  137.205017  41.0
114.660011  142.965027  41.0
129.060028  181.485016  32.5
293.76004  271.485016  69.5
101.340004  148.545013  40.5
304.200043  177.165024  70.0
123.300011  164.025009  41.5
162.540024  151.605026  70.0
124.200005  169.425018  41.0
140.940018  171.585022  40.5
133.02002  179.14502  32.5
125.460014  173.925018  40.5
176.940033  187.965027  32.5
182.520035  182.205017  41.0
197.64003  309.285034  51.5
217.800034  220.545029  40.5
177.660019  210.825012  70.0
175.680038  294.88504  70.0
103.860001  140.625015  47.5
167.220032  156.285019  31.5
111.780006  148.185013  42.5
121.140015  139.905014  52.5
109.26001  150.705017  41.0
281.52005  298.845001  73.0
140.400024  169.785019  43.0
172.980026  162.225006  31.5
124.020012  173.925018  42.0
119.880005  138.465027  53.5
202.320023  308.205017  70.0
158.940018  171.225021  31.5
135.540024  201.105026  48.0
156.420029  173.025009  34.0
309.060028  174.105026  52.0
220.14003  203.085022  52.5
108.540001  132.525009  42.5
301.680023  315.045013  71.5
166.320023  173.205017  31.5
105.660004  134.865021  41.5
131.400024  98.505013  70.5
278.820038  336.285034  70.5
212.76004  206.685013  41.5
171.540039  128.205017  33.5
115.740013  142.24501  43.5
91.980003  95.445007  52.5
166.140015  75.285004  52.5
267.660034  216.76503  41.5
166.500015  73.485001  71.0
100.080009  89.325005  54.5
287.460022  305.14502  70.5
177.840027  141.525009  41.5
159.840012  238.545029  41.5
232.380035  153.225006  42.5
272.880035  267.345001  41.5
100.620003  108.225006  52.5
163.260025  239.985016  41.5
170.280029  157.725006  32.5
238.500031  143.685013  53.5
111.060013  136.665024  42.0
143.820023  174.285019  33.0
99.540001  167.625015  52.5
110.340004  155.025009  42.0
162.900024  146.38501  71.0
162.180038  143.685013  71.0
115.920006  200.385025  42.0
174.960022  175.185013  33.0
159.480026  234.225021  44.5
294.660034  173.38501  52.5
180.720032  184.905029  32.5
286.740051  269.14502  71.0
203.040039  205.605026  32.5
124.380013  153.945023  47.5
99.900009  147.64502  42.5
199.800034  164.025009  33.0
242.100037  148.185013  42.5
117.720001  150.525009  42.5
177.840027  50.625004  71.5
120.420006  153.945023  43.5
175.14003  175.905029  33.0
314.100037  192.825012  52.5
120.600006  161.50502  42.5
256.500031  169.065033  43.0
249.300034  165.465027  42.5
261.900024  172.305023  43.0
264.420044  171.045013  42.5
92.340004  85.905006  71.5
178.020035  179.50502  46.0
177.660019  295.605011  53.0
108.900009  194.445023  42.0
193.860031  198.405029  43.5
247.680054  222.705032  42.5
91.980003  96.705009  53.5
135.180023  105.525009  74.0
114.660011  200.205032  42.5
140.940018  227.205032  42.5
154.620026  201.105026  43.0
210.240036  168.165024  33.5
221.940033  255.645035  42.5
136.800018  161.865021  33.5
116.640015  203.625015  43.0
118.980011  204.885025  42.5
177.300018  264.105011  42.5
141.120026  174.105026  33.5
123.480003  206.865036  43.0
174.060028  264.64502  43.5
271.080017  264.285034  42.5
243.720047  222.705032  42.5
266.940033  268.245026  42.5
191.880035  124.425011  43.0
100.260002  117.405014  53.0
139.680023  136.665024  43.0
113.580009  136.485016  43.0
187.020035  132.88501  53.0
140.400024  139.185013  43.0
102.959999  146.025009  43.0
111.060013  149.26503  44.0
124.920006  241.785019  71.5
112.320007  156.64502  43.0
175.860031  170.685013  43.0
102.060005  160.785019  43.0
173.160019  283.725006  71.5
334.620056  185.985016  82.5
270.540009  222.885025  80.0
158.400024  175.905029  51.5
271.080017  224.14502  80.0
273.420044  224.325012  80.0
171.900024  227.025024  86.0
152.280014  201.465027  44.5
157.140015  194.085022  33.5
242.64003  144.225006  53.5
157.320023  241.605026  80.0
159.480026  204.525024  43.0
241.02005  143.865021  53.5
268.740021  220.365036  43.0
182.700027  272.745026  53.0
318.420044  319.904999  71.5
119.880005  122.265007  81.0
144.180023  121.365005  44.0
154.260025  125.145012  80.5
160.560028  130.185013  81.5
106.020004  125.325005  43.5
137.700027  50.805  56.0
304.02005  153.225006  80.5
279.360016  332.325012  72.0
327.600037  186.705017  80.5
166.140015  96.885002  43.5
153.180023  208.845016  53.0
117.000008  157.185013  43.5
277.02005  225.76503  80.5
178.020035  103.905006  43.5
152.280014  213.705032  53.0
264.600037  166.545013  43.5
174.600021  108.945007  43.5
99.000008  104.085007  55.5
255.780045  168.345016  43.5
174.600021  182.925018  34.0
201.780029  165.285019  35.0
104.040001  197.14502  44.0
186.120026  59.264999  81.0
210.780029  190.485016  43.5
164.340012  188.325012  34.0
178.200027  84.825005  75.5
147.780014  111.645004  45.0
307.620056  245.565033  53.0
176.040039  179.865021  34.5
241.02005  221.985016  43.5
124.200005  72.225006  81.0
216.180038  270.225006  43.5
214.560043  117.225006  82.5
80.82  46.845001  81.5
188.100037  138.64502  55.0
114.480011  131.085007  44.0
124.920006  128.925003  38.5
113.76001  166.905029  47.0
138.240021  129.825012  35.5
147.060028  160.245026  53.5
99.180008  175.185013  81.5
215.820023  113.265007  82.0
217.26004  116.145004  83.5
253.260056  153.945023  46.0
117.900009  161.14502  44.0
182.340027  158.085022  34.5
286.200043  143.14502  82.5
109.980011  162.045013  44.0
342.360046  201.825012  72.0
244.440033  219.105026  44.0
167.040024  270.765015  91.5
232.920044  319.185028  72.0
137.160019  48.465  83.5
133.02002  161.50502  35.5
131.580017  50.985001  82.5
240.480042  252.405014  44.0
300.600037  184.00502  53.5
308.340057  228.465027  53.5
175.14003  104.985001  44.5
187.380035  109.665009  44.5
137.700027  110.025009  44.5
104.040001  124.425011  46.0
297.720032  245.745026  53.5
311.400024  282.465027  82.5
104.940002  127.845009  44.5
307.440063  240.165039  54.5
277.02005  218.025024  83.0
106.920006  156.285019  44.5
161.460022  139.365021  72.5
103.500008  176.085022  83.0
139.680023  165.105026  36.5
181.080032  83.205009  64.0
204.300034  203.085022  72.5
120.060013  245.565033  83.0
126.000008  245.205032  83.0
307.800049  243.045029  54.0
275.76004  335.925018  83.0
174.420029  92.925011  64.0
173.340027  214.425018  72.5
180.180038  63.584999  85.0
300.420044  246.825027  53.5
332.100037  190.125015  83.5
279.180023  261.945007  55.0
314.820038  192.64502  83.5
125.82  96.705009  65.0
168.660019  288.585022  72.5
132.480011  49.365002  54.0
138.240021  252.225021  83.5
302.76004  301.904999  72.5
234.360046  104.805008  84.0
136.980011  40.904999  64.5
133.920013  53.325005  55.0
134.640015  49.905003  54.5
276.120056  133.605026  86.0
275.400024  128.925003  86.5
135.540024  53.325005  54.5
327.960052  188.14502  84.0
153.720032  66.825005  65.5
275.580017  331.785034  72.5
157.320023  90.225006  84.5
108.720001  171.585022  64.5
203.40004  96.525009  89.5
262.440033  308.025024  65.5
79.740005  47.925003  73.5
266.220032  270.225006  47.0
128.700027  54.405003  54.0
294.480042  145.485016  86.0
255.600052  317.025024  64.0
118.44001  133.425003  45.5
165.420029  280.485016  84.5
145.080017  59.264999  54.0
165.420029  283.725006  85.5
94.500008  148.725006  45.5
160.200027  137.025009  73.0
183.960022  67.364998  85.0
138.420013  212.985016  66.5
153.000015  90.945007  87.5
235.620041  135.045013  54.5
307.26004  285.705017  85.5
124.380013  155.38501  45.5
158.220032  90.225006  85.0
114.120003  138.825012  54.0
258.120056  157.725006  48.5
300.060028  175.185013  56.5
169.560028  85.005005  85.5
297.720032  273.465027  65.5
263.340027  162.225006  45.5
305.460022  226.125015  55.0
213.120026  304.065033  64.5
292.860016  317.925018  64.5
106.740005  46.845001  73.5
242.820038  256.904999  46.0
177.120026  60.705002  65.0
130.140015  55.485004  54.5
131.220016  50.264999  75.5
177.120026  63.945  67.0
94.140007  58.724998  60.5
191.520035  258.345001  46.0
136.62001  53.505001  74.5
99.540001  77.985001  54.5
155.520035  56.025005  73.5
191.340027  262.125  45.5
108.540001  57.105003  73.5
226.26004  120.105011  55.5
128.52002  90.405006  65.0
118.800003  135.405014  46.0
128.160019  249.885025  73.0
115.740013  131.805023  46.0
175.860031  92.565002  65.0
215.280029  127.665016  54.5
166.680038  146.38501  73.5
214.920029  126.584999  54.5
75.060005  151.785019  57.0
277.02005  125.505013  75.5
77.400002  90.405006  73.5
162.720032  123.345009  65.0
80.099998  156.105026  56.0
174.420029  130.725006  54.5
164.880035  139.545013  73.5
120.060013  209.925018  65.0
315.900024  177.885025  54.5
144.540024  147.105026  54.5
264.060028  164.025009  48.0
194.940033  281.565033  64.5
278.460022  205.785019  48.5
125.460014  238.905029  78.5
306.720032  208.305023  46.0
272.700043  331.785034  74.5
103.500008  59.625  65.5
169.380035  291.465027  75.5
138.780014  54.945004  55.5
120.240013  50.085003  74.0
227.52005  235.665039  46.0
143.100021  106.24501  55.0
107.100006  62.325005  66.5
120.780006  90.225006  74.0
77.760002  91.305008  74.0
173.340027  78.705009  65.5
104.580009  162.225006  51.5
243.540039  253.305008  46.5
146.700027  124.425011  55.0
123.840004  157.185013  50.0
268.740021  264.465027  48.0
113.580009  137.565018  56.5
114.480011  96.705009  66.0
263.160034  162.945023  49.5
265.860016  117.225006  74.0
147.780014  142.065018  55.5
156.960022  138.64502  74.0
270.540009  122.445007  74.0
214.200043  270.225006  47.5
185.760025  202.905029  74.0
129.960022  102.285004  65.5
185.580032  206.50502  74.0
96.480003  106.785004  46.5
134.100021  48.825005  55.5
223.02005  120.105011  65.5
134.280014  188.325012  46.5
238.860046  147.465027  46.5
140.760025  50.445004  57.5
183.600021  284.804993  65.5
139.860031  52.965  57.0
148.320023  55.665001  56.5
287.100037  292.005005  69.5
209.880035  229.725021  48.0
276.660034  257.445007  46.5
142.560028  110.74501  56.5
173.700027  289.845001  78.5
275.76004  259.245026  48.5
138.060028  102.465004  66.0
292.500031  315.045013  71.5
312.480042  329.085022  74.0
237.240036  114.165009  62.0
280.26004  261.945007  46.5
226.26004  123.345009  69.0
86.400002  46.125004  74.5
105.300003  156.285019  48.5
253.260056  158.26503  47.0
172.080032  126.405006  55.5
279.360016  182.925018  47.5
172.080032  56.025005  74.5
272.340027  180.225021  47.5
330.840057  195.705032  55.5
304.740051  195.345016  56.5
112.680008  101.385002  56.0
175.320023  289.125  66.5
138.240021  210.825012  47.0
76.860001  85.545006  76.5
126.540016  89.505005  68.0
151.020035  124.425011  56.0
121.320007  89.325005  74.5
307.080017  230.26503  55.5
267.840027  260.14502  47.5
229.14003  273.465027  47.0
152.280014  130.545013  57.0
312.120056  239.985016  55.5
141.480011  108.585007  66.5
157.320023  116.865005  66.5
241.740036  142.785019  47.5
149.760025  134.685013  56.5
269.460022  177.345016  48.5
181.980026  284.985016  68.5
140.760025  212.26503  47.5
123.480003  101.745003  74.5
310.680023  174.105026  56.5
201.420029  305.505005  66.5
176.220032  87.705009  57.5
176.400024  98.685005  67.5
182.700027  203.805023  74.5
314.100037  218.025024  47.5
94.860001  55.845001  56.5
273.420044  135.045013  74.5
131.580017  58.185001  56.5
113.76001  195.885025  56.0
201.240036  222.885025  56.0
97.740005  55.665001  57.5
142.38002  102.645004  68.0
273.600037  256.365021  48.0
133.920013  249.165039  76.5
273.780029  257.085022  56.5
144.720032  103.185005  68.5
170.820023  247.365036  76.0
151.920029  124.425011  56.5
156.420029  122.265007  58.0
350.100037  290.38504  74.5
170.640015  283.545013  75.0
256.140015  160.425018  48.5
349.200043  283.904999  77.0
87.480003  34.785  75.0
156.780029  279.045013  71.0
166.680038  297.404999  68.0
98.640007  177.345016  48.0
213.300034  122.085007  75.0
168.480026  299.025024  68.0
140.220016  209.205032  48.0
286.380035  304.605011  67.0
150.660019  129.285019  75.0
262.26004  256.725006  57.5
99.180008  72.764999  57.0
244.620041  123.165016  67.0
263.340027  255.465012  49.5
177.660019  206.14502  75.0
296.100037  322.065033  67.0
157.320023  81.945007  66.0
282.780029  247.005035  52.0
175.14003  49.185001  70.5
153.900024  123.345009  57.0
213.300034  268.065033  50.5
222.300034  206.50502  75.0
155.340012  122.625008  57.5
203.220032  139.00502  49.5
159.120026  122.985008  58.0
157.860031  122.445007  58.0
183.600021  84.825005  68.5
135.540024  259.965027  75.0
124.740013  86.985001  67.5
132.660019  260.685028  75.5
176.580032  97.785004  67.5
181.440033  210.465027  53.0
276.660034  150.345016  59.0
97.200005  157.545013  48.5
285.120056  154.305023  59.5
256.860016  111.825012  76.0
193.14003  239.985016  54.5
133.200027  262.304993  79.0
99.000008  159.345016  48.5
265.860016  184.545029  57.0
75.959999  88.785004  76.0
160.560028  203.805023  48.5
261.360016  238.725021  48.5
176.760025  289.304993  75.0
339.300049  188.50502  67.5
261.180023  184.905029  59.0
159.660019  201.465027  49.5
339.300049  182.385025  75.5
182.880035  297.045013  67.5
295.740051  318.465027  70.5
305.820038  207.945023  58.0
318.060059  323.865021  67.5
187.920029  263.024994  49.0
308.160034  235.125015  57.0
163.440018  47.925003  76.5
254.880051  349.425018  63.5
301.320038  324.945007  69.5
147.960022  51.345001  57.5
205.740036  304.245026  48.5
173.880035  52.605  75.5
284.940033  329.804993  67.5
307.440063  326.025024  75.5
126.720009  52.064999  57.5
103.860001  129.105026  49.0
294.300049  335.025024  70.5
207.90004  138.64502  49.5
175.320023  78.885002  68.0
164.700027  121.005013  58.5
119.700005  80.505005  70.0
87.660004  51.165001  76.0
265.140015  245.205032  68.0
155.700027  56.745003  76.5
214.380035  208.845016  49.0
276.660034  151.065018  63.5
297.540039  316.485016  68.0
162.540024  45.585003  68.5
307.800049  177.345016  58.0
183.780029  57.645  68.5
144.540024  210.105026  49.5
107.100006  178.785019  57.5
85.68  125.505013  50.5
138.060028  94.185005  76.0
254.340042  289.304993  76.0
322.02005  188.14502  72.0
84.420006  32.805  76.5
257.400024  242.865036  52.5
306.180023  174.64502  60.0
308.52005  251.50502  60.5
325.980042  200.025009  69.5
121.860008  47.025002  76.5
134.820007  46.305  58.5
146.160019  111.105011  76.0
199.620026  135.76503  50.5
290.340057  317.925018  57.5
184.860031  92.025009  58.5
97.560005  69.345001  58.5
202.14003  137.025009  50.5
278.460022  137.925018  77.0
281.160034  143.325012  79.0
301.500031  299.745026  68.5
246.780045  140.26503  51.5
208.440033  312.705017  62.0
298.26004  184.365021  50.5
304.560028  302.445007  68.5
306.900024  324.225006  64.0
147.600021  209.565033  50.5
298.26004  206.14502  53.0
304.380035  304.065033  71.5
227.880035  205.425018  77.5
259.380035  222.345032  76.5
182.700027  61.245003  69.0
255.600052  215.50502  50.5
178.380035  73.485001  70.0
54.359993  34.425003  77.0
81.18  116.505013  51.0
85.5  110.385002  53.0
161.280029  214.785019  59.0
198.360031  131.985016  51.0
159.840012  117.765007  71.5
257.76004  312.345032  59.5
117.360008  135.045013  52.0
256.500031  219.825012  77.0
259.380035  265.185028  72.0
167.940018  268.785034  60.0
171.000015  186.885025  28.0
261.540009  222.885025  77.0
261.900024  184.00502  53.0
141.840012  54.225002  60.5
261.540009  272.204987  79.0
262.620056  223.785019  77.0
148.500015  209.745026  51.0
158.580032  185.445023  30.5
169.740021  111.825012  59.5
288.180023  212.26503  61.5
339.300049  214.965027  60.0
137.160019  262.125  69.0
302.220032  261.404999  63.0
158.040024  191.025009  28.0
276.840027  280.845001  60.0
132.480011  84.825005  77.5
