67.0655182965, 
41.8638044526, 
145.3467107373, 
41.8638044526, 
145.3467107373, 
67.0655182965, 
57.7886104427, 
38.2233751745, 
57.7886104427, 
86.6200476078, 
38.2233751745, 
86.6200476078, 
116.8148180290, 
16.9526184246, 
74.4537440093, 
116.8148180290, 
74.4537440093, 
16.9526184246, 
85.1180476565, 
37.3453310088, 
85.1180476565, 
71.1997406811, 
37.3453310088, 
71.1997406811, 
85.0857584753, 
49.0100189584, 
52.1902421811, 
85.0857584753, 
52.1902421811, 
49.0100189584, 
30.9085841250, 
42.7726833136, 
114.8574228353, 
30.9085841250, 
114.8574228353, 
42.7726833136, 
86.4274498466, 
40.8147455914, 
86.4274498466, 
52.7580423295, 
52.7580423295, 
40.8147455914, 
74.2788651727, 
64.0300224568, 
54.2311354972, 
64.0300224568, 
54.2311354972, 
74.2788651727, 
111.7100050330, 
52.9623944349, 
27.4970506141, 
111.7100050330, 
27.4970506141, 
52.9623944349, 
106.1376099291, 
12.6189650462, 
106.1376099291, 
85.5999449890, 
35.9871071696, 
59.4179449710, 
50.6551883208, 
85.5999449890, 
12.6189650462, 
35.9871071696, 
133.7313317843, 
108.5237045643, 
73.1662211370, 
33.9704661422, 
133.7313317843, 
59.4179449710, 
70.3316779905, 
108.5237045643, 
50.6551883208, 
70.3316779905, 
50.9451771318, 
104.8577211389, 
50.9451771318, 
26.3521717262, 
104.8577211389, 
26.3521717262, 
108.1428380499, 
19.6933012163, 
108.1428380499, 
59.1611751792, 
27.1797034874, 
130.5955234432, 
59.1611751792, 
19.6933012163, 
17.7813917634, 
94.1293359247, 
77.2967675564, 
17.7813917634, 
157.4554632901, 
28.3101667244, 
77.2967675564, 
94.1293359247, 
82.0685796384, 
86.2062346624, 
57.3183436647, 
82.0685796384, 
57.3183436647, 
86.2062346624, 
37.5247391093, 
122.2852391664, 
122.2852391664, 
20.4132435315, 
5.1254652235, 
26.4251123518, 
37.5247391093, 
20.4132435315, 
13.9058113644, 
34.5897702625, 
132.4672533546, 
34.5897702625, 
13.9058113644, 
132.4672533546, 
144.7859259965, 
15.3476865104, 
42.0004413795, 
144.7859259965, 
42.0004413795, 
15.3476865104, 
116.8019303690, 
65.2025332899, 
116.8019303690, 
40.1764623146, 
88.5132795389, 
82.1283947659, 
40.1764623146, 
65.2025332899, 
51.1932021824, 
51.1932021824, 
51.1932021824, 
176.9661086240, 
51.1932021824, 
178.1869195754, 
18.3654594211, 
18.3654594211, 
38.2312498522, 
21.7555668361, 
143.8737985944, 
38.2312498522, 
70.7037918872, 
8.2428480151, 
143.8737985944, 
21.7555668361, 
6.6740967111, 
67.3920604267, 
6.6740967111, 
106.3365302815, 
140.8814430012, 
83.0731707400, 
67.3920604267, 
106.3365302815, 
90.4696390019, 
65.7302478125, 
90.4696390019, 
41.5330477972, 
85.9317414994, 
35.8756539368, 
65.7302478125, 
41.5330477972, 
60.3328173699, 
91.2655095942, 
60.3328173699, 
28.6258109332, 
15.4006950610, 
26.9506674548, 
91.2655095942, 
28.6258109332, 
82.7695889548, 
41.9732569765, 
41.9732569765, 
72.4810598169, 
149.0224787952, 
26.1352915404, 
82.7695889548, 
72.4810598169, 
149.0224787952, 
10.8341608076, 
26.1352915404, 
10.8341608076, 
84.9306196823, 
40.2538321409, 
54.8215175614, 
84.9306196823, 
83.3762748976, 
78.5950984483, 
54.8215175614, 
40.2538321409, 
18.7220673166, 
83.3762748976, 
18.7220673166, 
78.5950984483, 
26.9506674548, 
141.0840688415, 
15.4006950610, 
141.0840688415, 
98.2033351884, 
35.8756539368, 
98.2033351884, 
85.9317414994, 
107.1327546087, 
50.8732956109, 
107.1327546087, 
26.2425574662, 
39.1015762187, 
50.8732956109, 
26.2425574662, 
39.1015762187, 
140.8814430012, 
111.1055950914, 
79.8532344574, 
37.7330606031, 
83.0731707400, 
111.1055950914, 
79.6857031497, 
100.8682348736, 
79.6857031497, 
0.7351720390, 
12.5894819532, 
167.1275297954, 
100.8682348736, 
0.7351720390, 
167.1275297954, 
15.5069856168, 
12.5894819532, 
15.5069856168, 
37.7330606031, 
67.7198369550, 
87.0936783293, 
107.8987591816, 
79.8532344574, 
67.7198369550, 
70.6633243180, 
110.2877134355, 
86.3955802082, 
110.2877134355, 
86.3955802082, 
70.6633243180, 
131.9510914454, 
107.8987591816, 
87.0936783293, 
131.9510914454, 
83.9502947800, 
66.1491627919, 
99.5140935453, 
83.9502947800, 
99.5140935453, 
66.1491627919, 
113.0063933625, 
70.7037918872, 
113.0063933625, 
8.2428480151, 
16.0381067008, 
143.8775296062, 
16.0381067008, 
20.2411323961, 
27.9521167271, 
135.3582251668, 
143.8775296062, 
20.2411323961, 
27.9521167271, 
18.8468025943, 
22.3769228035, 
137.8488812984, 
18.8468025943, 
135.3582251668, 
137.1979738717, 
86.9155299203, 
137.1979738717, 
86.9024506102, 
86.9155299203, 
86.9024506102, 
124.8785671120, 
82.2051776367, 
53.2198586133, 
124.8785671120, 
53.2198586133, 
82.2051776367, 
84.6115777862, 
26.0256851495, 
84.6115777862, 
76.7171659637, 
91.8756367421, 
105.3228349181, 
26.0256851495, 
76.7171659637, 
13.8064440871, 
21.5103668937, 
13.8064440871, 
147.4774138787, 
21.5103668937, 
147.4774138787, 
44.0460389623, 
128.2592161852, 
44.0460389623, 
8.2433431024, 
128.2592161852, 
8.2433431024, 
89.9278652411, 
13.7303336650, 
86.6027911581, 
89.9278652411, 
47.0811489524, 
67.4445712768, 
86.6027911581, 
13.7303336650, 
70.0271664795, 
70.0271664795, 
83.7157456926, 
27.5014820223, 
83.7157456926, 
120.6432631100, 
27.5014820223, 
120.6432631100, 
15.1224385713, 
53.0989891823, 
53.0989891823, 
111.8832654485, 
15.1224385713, 
111.8832654485, 
144.1798293001, 
43.0986580662, 
144.1798293001, 
33.1109352719, 
37.5310279956, 
155.2919630871, 
33.1109352719, 
43.0986580662, 
74.2070671474, 
51.8608069394, 
74.2070671474, 
76.8950645185, 
64.7866599002, 
96.9412706913, 
76.8950645185, 
51.8608069394, 
96.9412706913, 
23.5495932043, 
126.5857052694, 
107.7931833294, 
64.7866599002, 
23.5495932043, 
115.7078936125, 
107.7931833294, 
126.5857052694, 
115.7078936125, 
52.7104867901, 
162.9722171929, 
50.6740873042, 
162.9722171929, 
16.6227808244, 
52.7104867901, 
50.6740873042, 
16.6227808244, 
37.5310279956, 
59.6028415929, 
59.6028415929, 
155.2919630871, 
50.6382895521, 
50.6382895521, 
49.7170879301, 
44.3261696599, 
155.5117750538, 
49.7170879301, 
10.7791201209, 
87.0563797906, 
155.5117750538, 
44.3261696599, 
87.0563797906, 
96.5360575714, 
86.2078069816, 
69.5467821981, 
10.7791201209, 
96.5360575714, 
13.6200742548, 
4.1584506437, 
13.6200742548, 
162.4277206892, 
126.0295561789, 
9.8153283613, 
4.1584506437, 
162.4277206892, 
94.5794485341, 
45.7220501556, 
70.0424537954, 
45.7220501556, 
94.5794485341, 
70.0424537954, 
109.8104423157, 
109.8104423157, 
109.8104423157, 
169.8153152687, 
109.8104423157, 
22.5524021971, 
22.5524021971, 
70.8582059855, 
18.9343373957, 
91.6874681799, 
70.8582059855, 
91.6874681799, 
18.9343373957, 
25.8445070496, 
83.2082287986, 
72.4096043852, 
83.2082287986, 
103.1678978662, 
25.3272154261, 
72.4096043852, 
25.8445070496, 
53.6236241487, 
25.3272154261, 
73.4592637023, 
68.5881702110, 
53.6236241487, 
103.1678978662, 
73.4592637023, 
53.7757274647, 
68.5881702110, 
53.7757274647, 
126.0295561789, 
52.0548001094, 
9.8153283613, 
52.0548001094, 
27.6165405060, 
81.7398387781, 
109.2014771762, 
81.7398387781, 
39.8910649368, 
36.2288001126, 
109.2014771762, 
27.6165405060, 
128.0354547168, 
8.9952670521, 
128.0354547168, 
57.5605916030, 
8.9952670521, 
57.5605916030, 
14.1928810417, 
155.9483381134, 
9.8907933069, 
155.9483381134, 
22.0780485540, 
89.8328864638, 
9.8907933069, 
14.1928810417, 
167.4584535174, 
15.5192155392, 
167.4584535174, 
11.6836067709, 
15.5192155392, 
11.6836067709, 
43.4098972226, 
43.4098972226, 
15.1090112030, 
147.1629198496, 
15.1090112030, 
31.2260316616, 
9.0535043574, 
21.1536231812, 
147.1629198496, 
31.2260316616, 
16.9483881354, 
29.0064909295, 
16.9483881354, 
142.2645110877, 
29.0064909295, 
142.2645110877, 
27.8526769862, 
155.4211023180, 
155.4211023180, 
18.5612187648, 
27.8526769862, 
18.5612187648, 
32.9003442787, 
71.1316176462, 
32.9003442787, 
76.8174261089, 
71.1316176462, 
76.8174261089, 
28.5026011461, 
89.9812855189, 
66.7398883672, 
89.9812855189, 
64.5287544070, 
147.5495280342, 
28.5026011461, 
64.5287544070, 
84.7776770872, 
66.7398883672, 
84.7776770872, 
147.5495280342, 
23.7555846658, 
82.5151603757, 
73.7420991622, 
82.5151603757, 
23.7555846658, 
73.7420991622, 
33.3928134554, 
119.5782418829, 
34.3031548236, 
119.5782418829, 
50.1064592864, 
68.1007493265, 
33.3928134554, 
34.3031548236, 
111.4400739903, 
55.7929470650, 
78.3456957940, 
55.7929470650, 
31.6435908800, 
110.4242517433, 
111.4400739903, 
78.3456957940, 
41.7851936295, 
55.9496078801, 
165.7582217446, 
55.9496078801, 
41.7851936295, 
165.7582217446, 
162.4217073454, 
20.2668636363, 
162.4217073454, 
10.2372899702, 
105.2872173744, 
11.8937528943, 
20.2668636363, 
10.2372899702, 
10.6276500028, 
10.6276500028, 
91.5823750213, 
91.5823750213, 
63.7473049245, 
64.8548852782, 
54.3560017970, 
64.8548852782, 
61.7504042293, 
100.8198617503, 
54.3560017970, 
63.7473049245, 
66.1057717324, 
112.6841969991, 
130.6078851755, 
112.6841969991, 
114.5745553987, 
51.2884411112, 
66.1057717324, 
130.6078851755, 
77.0511131813, 
77.0511131813, 
51.2884411112, 
16.7479852890, 
114.5745553987, 
16.7479852890, 
29.0755498758, 
28.1976099558, 
28.1976099558, 
123.0195946240, 
29.0755498758, 
123.0195946240, 
61.7504042293, 
34.4938916786, 
100.8198617503, 
34.4938916786, 
65.1680664330, 
105.2872173744, 
65.1680664330, 
11.8937528943, 
3.6842256865, 
36.6306422288, 
36.6306422288, 
140.2365376285, 
3.6842256865, 
140.2365376285, 
39.3784974678, 
81.4007606502, 
68.1301925410, 
39.3784974678, 
68.1301925410, 
81.4007606502, 
42.3454269626, 
141.9305346580, 
36.1100267908, 
141.9305346580, 
57.5619701064, 
42.3454269626, 
36.1100267908, 
107.9044960083, 
39.1099432314, 
107.9044960083, 
37.0821820067, 
59.0277660526, 
31.8842418510, 
39.1099432314, 
37.0821820067, 
153.2571322765, 
47.3758019594, 
153.2571322765, 
51.6709178231, 
47.3758019594, 
51.6709178231, 
65.0868658026, 
39.6714300505, 
39.6714300505, 
75.6437975134, 
117.7655748062, 
65.0868658026, 
75.6437975134, 
81.3170768861, 
22.8338511295, 
81.3170768861, 
76.3231997036, 
57.2191894482, 
31.7137231873, 
22.8338511295, 
76.3231997036, 
31.1447185954, 
12.6317312922, 
153.1523444064, 
31.1447185954, 
12.3846852645, 
106.8543334744, 
153.1523444064, 
12.6317312922, 
133.2167380372, 
15.9030517516, 
46.5903440074, 
133.2167380372, 
46.5903440074, 
15.9030517516, 
50.7572251175, 
61.2753644405, 
68.4723614716, 
61.2753644405, 
25.8518599579, 
83.4014012284, 
50.7572251175, 
68.4723614716, 
20.4942726207, 
52.2608510876, 
147.5960774790, 
52.2608510876, 
52.0468421459, 
144.0108316524, 
20.4942726207, 
147.5960774790, 
113.1302686816, 
16.2361649922, 
16.2361649922, 
62.2842333874, 
97.3606865372, 
32.4377098621, 
113.1302686816, 
62.2842333874, 
48.2775392873, 
70.8103883563, 
70.8103883563, 
63.6138917391, 
48.2775392873, 
63.6138917391, 
71.9036446903, 
29.0865392079, 
71.9036446903, 
135.8474195759, 
61.6333194210, 
125.6438585332, 
29.0865392079, 
135.8474195759, 
160.8559213518, 
28.6166778832, 
10.7051098157, 
160.8559213518, 
9.9465397229, 
29.4633840937, 
10.7051098157, 
29.4633840937, 
141.5426405530, 
28.6166778832, 
9.9465397229, 
141.5426405530, 
30.1747024178, 
125.6438585332, 
24.3097873530, 
69.5267392313, 
61.6333194210, 
30.1747024178, 
24.3097873530, 
93.7197764869, 
51.9457526303, 
106.3994684539, 
69.5267392313, 
93.7197764869, 
63.4263486397, 
23.3855537530, 
63.4263486397, 
110.6150413837, 
23.3855537530, 
110.6150413837, 
44.5834812986, 
106.3994684539, 
37.9826516668, 
93.1104778722, 
44.5834812986, 
51.9457526303, 
50.3848031260, 
37.9826516668, 
57.9322484013, 
50.3848031260, 
93.1104778722, 
52.1219550976, 
52.4495991186, 
45.1154654968, 
78.0348216055, 
85.0657241342, 
52.4495991186, 
78.0348216055, 
146.0132749432, 
52.1219550976, 
146.0132749432, 
85.0657241342, 
45.1154654968, 
57.9322484013, 
72.3468133684, 
72.3468133684, 
176.8292408109, 
72.3468133684, 
175.2097114663, 
72.3468133684, 
11.0135803573, 
11.0135803573, 
97.3606865372, 
55.6398583414, 
71.1824328109, 
44.9751579231, 
55.6398583414, 
32.4377098621, 
73.9595763451, 
71.1824328109, 
73.9595763451, 
44.9751579231, 
144.0108316524, 
44.8460766553, 
20.5698538838, 
133.9791349798, 
52.0468421459, 
44.8460766553, 
15.7428674602, 
100.2520329924, 
80.5048447239, 
15.7428674602, 
26.0264473230, 
6.6100518354, 
80.5048447239, 
100.2520329924, 
112.3542630838, 
83.3180395243, 
112.3542630838, 
18.3320358711, 
83.3180395243, 
18.3320358711, 
151.2564735668, 
6.6100518354, 
26.0264473230, 
151.2564735668, 
57.2620160579, 
17.8688815510, 
57.2620160579, 
108.7996169083, 
108.7996169083, 
17.8688815510, 
26.9412190870, 
111.9394573873, 
111.9394573873, 
44.0407591940, 
26.9412190870, 
44.0407591940, 
61.7116173890, 
20.5698538838, 
58.7618312363, 
42.2303478173, 
61.7116173890, 
133.9791349798, 
58.7618312363, 
85.6340278775, 
79.0091790438, 
66.4486206424, 
42.2303478173, 
85.6340278775, 
24.2306414941, 
128.0316514617, 
28.8664195665, 
128.0316514617, 
28.8664195665, 
24.2306414941, 
66.7666826383, 
23.5071712723, 
133.7689152131, 
66.7666826383, 
50.3135603065, 
133.7689152131, 
23.5071712723, 
50.3135603065, 
47.9846707574, 
22.5520940234, 
47.9846707574, 
153.9335642226, 
103.7210552159, 
50.9182525742, 
153.9335642226, 
22.5520940234, 
50.9182525742, 
32.4224908396, 
103.7210552159, 
32.4224908396, 
79.0091790438, 
53.3774818731, 
66.4486206424, 
53.3774818731, 
128.8538427758, 
40.2481382925, 
128.8538427758, 
91.3730034980, 
40.2481382925, 
91.3730034980, 
28.0142581233, 
31.9745409728, 
122.3891005746, 
28.0142581233, 
18.6394153831, 
33.3675008994, 
122.3891005746, 
31.9745409728, 
65.9760865458, 
52.3827150201, 
65.9760865458, 
65.2363281730, 
52.3827150201, 
65.2363281730, 
19.9425389633, 
83.6568907461, 
83.6568907461, 
77.5465172745, 
8.4810635059, 
151.3049950006, 
19.9425389633, 
77.5465172745, 
70.2212889322, 
62.5058298848, 
70.2212889322, 
47.2730949974, 
62.5058298848, 
47.2730949974, 
97.6145329543, 
154.2561228021, 
72.7052814913, 
154.2561228021, 
72.7052814913, 
97.6145329543, 
84.6504192711, 
44.4707577204, 
74.4817249310, 
84.6504192711, 
22.8056001000, 
34.5446262239, 
74.4817249310, 
44.4707577204, 
65.3709296745, 
65.3709296745, 
22.8056001000, 
148.2701739476, 
148.2701739476, 
34.5446262239, 
34.9635696359, 
151.3049950006, 
139.7711666585, 
8.4810635059, 
34.9635696359, 
139.7711666585, 
48.1150139551, 
34.7681097895, 
48.1150139551, 
97.4737349809, 
34.9403071341, 
41.6446662677, 
34.7681097895, 
97.4737349809, 
123.2771895831, 
51.4530712818, 
123.2771895831, 
13.2087401756, 
51.4530712818, 
13.2087401756, 
41.6446662677, 
108.2530647893, 
90.3267691197, 
52.4059139381, 
34.9403071341, 
108.2530647893, 
37.3036148270, 
90.3267691197, 
37.3036148270, 
52.4059139381, 
128.8448428325, 
18.6394153831, 
128.8448428325, 
33.3675008994, 
70.7752134115, 
83.4014012284, 
149.8793146928, 
54.9368407773, 
70.7752134115, 
25.8518599579, 
102.8884684712, 
35.7104187973, 
49.6497660550, 
35.7104187973, 
102.8884684712, 
49.6497660550, 
55.9166950586, 
97.3653483353, 
97.3653483353, 
30.4086221915, 
142.6580676813, 
59.5854088532, 
55.9166950586, 
30.4086221915, 
160.2704315619, 
15.6372111736, 
8.4893891361, 
160.2704315619, 
154.4361176179, 
27.4349443023, 
8.4893891361, 
15.6372111736, 
52.4353393992, 
29.0479187781, 
52.4353393992, 
117.3317308917, 
117.3317308917, 
29.0479187781, 
38.1467494055, 
99.1171749323, 
99.1171749323, 
87.4222259145, 
38.1467494055, 
87.4222259145, 
76.6005501589, 
75.3331075315, 
76.6005501589, 
90.2920976028, 
84.0037138780, 
49.7441378053, 
90.2920976028, 
75.3331075315, 
16.5673480122, 
44.2533676017, 
16.5673480122, 
139.4727670745, 
44.2533676017, 
139.4727670745, 
46.2571554933, 
49.7441378053, 
46.2571554933, 
84.0037138780, 
32.0852589126, 
54.3751675109, 
110.5260236191, 
54.3751675109, 
82.9213774008, 
86.4720148582, 
32.0852589126, 
110.5260236191, 
86.4720148582, 
148.0917172835, 
82.9213774008, 
148.0917172835, 
66.5713750742, 
66.5713750742, 
154.4361176179, 
3.7509927264, 
17.0274167884, 
150.2242169940, 
3.7509927264, 
27.4349443023, 
57.7636790156, 
57.7636790156, 
14.6534429560, 
150.2242169940, 
14.6534429560, 
17.0274167884, 
142.6580676813, 
96.9258649234, 
59.5854088532, 
96.9258649234, 
34.6511242985, 
54.9368407773, 
34.6511242985, 
149.8793146928, 
12.3846852645, 
84.2230455734, 
66.4049640593, 
95.9277068266, 
84.2230455734, 
106.8543334744, 
67.5669200854, 
64.3224307976, 
48.3129092410, 
67.5669200854, 
48.3129092410, 
64.3224307976, 
79.1387447193, 
95.9277068266, 
44.7494675867, 
66.0655203647, 
79.1387447193, 
66.4049640593, 
112.6433576673, 
35.8665558248, 
112.6433576673, 
60.0362106769, 
4.5888244553, 
20.9757963720, 
60.0362106769, 
35.8665558248, 
40.0391940433, 
129.2509381449, 
36.1789431171, 
129.2509381449, 
4.8133016472, 
31.0095889002, 
36.1789431171, 
40.0391940433, 
33.6277944597, 
133.7462709766, 
49.6033426332, 
33.6277944597, 
49.6033426332, 
133.7462709766, 
150.6324217030, 
31.0095889002, 
150.6324217030, 
4.8133016472, 
154.4674560615, 
20.9757963720, 
138.5041262576, 
92.7725267580, 
154.4674560615, 
4.5888244553, 
138.5041262576, 
51.4461830647, 
92.7725267580, 
51.4461830647, 
48.2353932273, 
64.1796173968, 
48.2353932273, 
91.7941678332, 
64.1796173968, 
91.7941678332, 
33.8903436829, 
58.6628165903, 
138.3028146273, 
33.8903436829, 
138.3028146273, 
58.6628165903, 
66.4752154445, 
66.4752154445, 
125.5817951495, 
52.9059958947, 
15.4800153328, 
52.9059958947, 
88.1826976034, 
45.4539027778, 
125.5817951495, 
15.4800153328, 
60.2250440587, 
60.2250440587, 
46.5545359930, 
88.1826976034, 
46.5545359930, 
45.4539027778, 
44.7494675867, 
69.2148133110, 
66.0655203647, 
69.2148133110, 
57.2191894482, 
91.4247620233, 
31.7137231873, 
91.4247620233, 
117.7655748062, 
5.9299388125, 
123.2996093677, 
55.5133318685, 
5.9299388125, 
52.0340385712, 
27.2879803946, 
55.5133318685, 
123.2996093677, 
52.0340385712, 
101.5493977046, 
27.2879803946, 
101.5493977046, 
31.8842418510, 
116.1448839717, 
59.0277660526, 
116.1448839717, 
57.5619701064, 
31.6435908800, 
40.1198132363, 
110.4242517433, 
40.1198132363, 
50.1064592864, 
101.9523797279, 
68.1007493265, 
101.9523797279, 
32.0639789555, 
57.6985114120, 
91.4494596102, 
57.6985114120, 
33.6900634862, 
38.4464763218, 
32.0639789555, 
91.4494596102, 
144.3636958031, 
33.6900634862, 
144.3636958031, 
38.4464763218, 
118.1183219134, 
44.3699827611, 
118.1183219134, 
68.1179676311, 
34.7871925828, 
44.3699827611, 
68.1179676311, 
34.7871925828, 
21.1536231812, 
166.1941075116, 
9.0535043574, 
166.1941075116, 
68.1088146854, 
22.0780485540, 
39.4608981533, 
155.9553451156, 
68.1088146854, 
89.8328864638, 
48.9885543533, 
110.0327355756, 
110.0327355756, 
25.3476220259, 
48.9885543533, 
25.3476220259, 
40.2318055546, 
11.0962385796, 
147.5916367460, 
11.0962385796, 
57.7462905665, 
56.0793204422, 
147.5916367460, 
40.2318055546, 
75.0684392066, 
56.0793204422, 
57.7462905665, 
75.0684392066, 
39.4608981533, 
45.5735635119, 
66.9550036304, 
60.3645048895, 
45.5735635119, 
155.9553451156, 
80.2627304355, 
60.3645048895, 
26.4163396292, 
52.2195379933, 
80.2627304355, 
66.9550036304, 
54.0854613886, 
58.5207219288, 
67.6464364070, 
54.0854613886, 
67.6464364070, 
58.5207219288, 
136.3176382193, 
18.3163374087, 
27.8728844051, 
136.3176382193, 
27.8728844051, 
18.3163374087, 
26.4163396292, 
101.3830515977, 
52.2195379933, 
101.3830515977, 
116.0551896330, 
39.8910649368, 
116.0551896330, 
36.2288001126, 
24.4070840147, 
86.2078069816, 
24.4070840147, 
69.5467821981, 
67.4445712768, 
158.1999147054, 
47.0811489524, 
158.1999147054, 
31.6503315825, 
26.3549387936, 
31.6503315825, 
162.1326246032, 
162.1326246032, 
26.3549387936, 
91.8756367421, 
18.7398569779, 
130.5375289351, 
10.3969414062, 
18.7398569779, 
105.3228349181, 
24.1664108386, 
145.9211828366, 
12.6493558322, 
145.9211828366, 
48.0151261098, 
35.4193430526, 
24.1664108386, 
12.6493558322, 
144.9331861572, 
10.0368086500, 
144.9331861572, 
25.1273067872, 
25.1273067872, 
10.0368086500, 
6.8835503822, 
24.4850551434, 
162.3665858169, 
6.8835503822, 
162.3665858169, 
24.4850551434, 
90.2736441996, 
29.0190493194, 
29.0190493194, 
62.0973988398, 
91.6462153219, 
19.0042683417, 
90.2736441996, 
62.0973988398, 
39.2728524864, 
39.2728524864, 
50.0090737672, 
73.2669526417, 
50.0090737672, 
56.7946881873, 
73.2669526417, 
56.7946881873, 
113.3027075608, 
88.4527273270, 
88.4527273270, 
34.0582706943, 
113.3027075608, 
34.0582706943, 
138.6183951620, 
3.8562750346, 
44.6510475068, 
3.8562750346, 
138.6183951620, 
44.6510475068, 
30.5139435710, 
52.7259816144, 
30.5139435710, 
97.2445445699, 
52.7259816144, 
97.2445445699, 
80.8410749245, 
97.5477711427, 
80.8410749245, 
24.8126696039, 
97.5477711427, 
24.8126696039, 
150.2411657140, 
21.1440056154, 
150.2411657140, 
26.9893370234, 
71.5596817561, 
54.2472322210, 
26.9893370234, 
21.1440056154, 
30.8937448197, 
109.3262639134, 
40.2766358053, 
109.3262639134, 
40.2766358053, 
30.8937448197, 
134.8988027783, 
134.8988027783, 
58.1543547736, 
57.3181283844, 
2.8996504797, 
124.7369457652, 
119.7903955688, 
2.8996504797, 
64.5275755643, 
58.1543547736, 
124.7369457652, 
64.5275755643, 
57.3181283844, 
119.7903955688, 
76.7719763427, 
65.2433923756, 
127.9815659495, 
65.2433923756, 
95.7882075221, 
100.3223985920, 
76.7719763427, 
127.9815659495, 
52.4432221200, 
94.1255224038, 
52.4432221200, 
97.5595866446, 
97.5595866446, 
94.1255224038, 
45.4674014234, 
88.8013572402, 
74.0186114278, 
45.4674014234, 
74.0186114278, 
88.8013572402, 
98.6600263885, 
41.6519883194, 
98.6600263885, 
113.5942636827, 
113.5942636827, 
41.6519883194, 
69.7633959372, 
57.8007076639, 
69.7633959372, 
52.4389163734, 
108.3422289360, 
7.9837113220, 
105.3200957128, 
57.8007076639, 
52.4389163734, 
97.5208479220, 
47.4145596838, 
68.2964114840, 
97.5208479220, 
68.2964114840, 
47.4145596838, 
92.0407396595, 
80.5106014968, 
92.0407396595, 
9.0696990359, 
27.8500982369, 
86.3137385649, 
9.0696990359, 
80.5106014968, 
97.3617346517, 
71.6555917386, 
97.3617346517, 
28.1883470861, 
28.1883470861, 
71.6555917386, 
60.1471208908, 
88.1782781180, 
45.0057912373, 
88.1782781180, 
45.0057912373, 
60.1471208908, 
24.7173418387, 
93.7090759846, 
95.0322891981, 
24.7173418387, 
95.0322891981, 
93.7090759846, 
86.8920908422, 
76.5692076322, 
86.8920908422, 
35.9061480552, 
76.5692076322, 
35.9061480552, 
5.1737852518, 
73.7261670524, 
5.1737852518, 
108.7665618497, 
73.7261670524, 
108.7665618497, 
32.0429118215, 
68.9515507642, 
81.2489976741, 
32.0429118215, 
81.2489976741, 
68.9515507642, 
122.0938836308, 
52.9726717095, 
122.0938836308, 
7.1689527295, 
88.8306664514, 
96.1356305069, 
7.1689527295, 
52.9726717095, 
59.9818567184, 
59.5326607941, 
59.9818567184, 
175.3801322878, 
175.3801322878, 
59.5326607941, 
128.3409810429, 
61.9988559122, 
71.7389998986, 
17.8003409469, 
140.3423662205, 
61.9988559122, 
36.3714314046, 
103.9411948821, 
29.3860272224, 
140.3423662205, 
71.7389998986, 
17.8003409469, 
29.3860272224, 
128.3409810429, 
118.0051519219, 
118.0051519219, 
56.1456063301, 
91.2834173079, 
91.2834173079, 
139.8503196721, 
56.1456063301, 
139.8503196721, 
21.6222470301, 
49.5764324974, 
21.6222470301, 
147.5886712561, 
49.5764324974, 
147.5886712561, 
65.9317562189, 
40.8881285078, 
65.9317562189, 
74.8112045844, 
53.4785833864, 
90.4666530284, 
40.8881285078, 
74.8112045844, 
82.9085666307, 
50.8586344933, 
79.8389158244, 
50.8586344933, 
18.6252391112, 
82.9085666307, 
79.8389158244, 
9.0374015726, 
90.8833590828, 
80.0793087529, 
9.0374015726, 
90.0118903552, 
31.4829306264, 
80.0793087529, 
90.8833590828, 
27.9045980298, 
80.4427660136, 
127.3719821125, 
27.9045980298, 
127.3719821125, 
80.4427660136, 
48.2204478996, 
115.9032894385, 
48.2204478996, 
50.7250427220, 
115.9032894385, 
50.7250427220, 
43.2776840619, 
54.6174441395, 
43.2776840619, 
121.7285723283, 
121.7285723283, 
54.6174441395, 
90.0118903552, 
66.4518520225, 
31.4829306264, 
66.4518520225, 
18.6252391112, 
53.4785833864, 
61.7930471597, 
51.7607464016, 
164.6843958163, 
61.7930471597, 
90.4666530284, 
51.7607464016, 
56.3129812493, 
164.6843958163, 
56.3129812493, 
69.8340629573, 
75.4576942693, 
40.0084959020, 
69.8340629573, 
156.0862945592, 
130.5227901212, 
65.3295129199, 
46.8103535231, 
75.4576942693, 
156.0862945592, 
110.9162272316, 
120.9074304693, 
48.1584872513, 
40.0084959020, 
130.5227901212, 
110.9162272316, 
82.7354433317, 
48.1584872513, 
120.9074304693, 
82.7354433317, 
137.6008331420, 
65.3295129199, 
137.6008331420, 
46.8103535231, 
142.3626357129, 
15.0707057935, 
142.3626357129, 
41.5291526527, 
41.5291526527, 
15.0707057935, 
46.6792458669, 
103.9411948821, 
46.6792458669, 
36.3714314046, 
88.8306664514, 
41.6374552697, 
53.2846106821, 
90.5098713573, 
96.1356305069, 
41.6374552697, 
90.5098713573, 
46.9224473489, 
78.2855638984, 
53.2846106821, 
46.9224473489, 
11.8966510440, 
17.9549019702, 
170.8638666676, 
17.9549019702, 
11.8966510440, 
170.8638666676, 
61.1128439699, 
4.2782913274, 
122.0863539340, 
61.1128439699, 
14.9993313186, 
122.0863539340, 
4.2782913274, 
141.8810788158, 
49.1039233058, 
73.3167491723, 
141.8810788158, 
44.1161322093, 
8.9566178713, 
73.3167491723, 
49.1039233058, 
105.3139811651, 
32.7434948267, 
54.0480179482, 
32.7434948267, 
54.0480179482, 
105.3139811651, 
67.4425031426, 
98.6501260928, 
103.4521619472, 
98.6501260928, 
67.4425031426, 
103.4521619472, 
54.8409900866, 
22.2508722014, 
145.8211692282, 
54.8409900866, 
145.8211692282, 
22.2508722014, 
50.5625643919, 
19.0274240154, 
116.9843429676, 
50.5625643919, 
116.9843429676, 
19.0274240154, 
23.7033647956, 
27.5211461104, 
23.7033647956, 
139.6860267299, 
27.5211461104, 
139.6860267299, 
43.0176357871, 
48.2035765916, 
88.9037830865, 
48.2035765916, 
88.9037830865, 
43.0176357871, 
59.4388896015, 
131.9471760072, 
59.4388896015, 
48.5971584698, 
131.9471760072, 
48.5971584698, 
150.8020835006, 
87.7805315692, 
87.7805315692, 
88.8650393113, 
150.8020835006, 
88.8650393113, 
160.0892796215, 
23.8751034866, 
6.7823519563, 
23.8751034866, 
160.0892796215, 
6.7823519563, 
60.3228828305, 
60.3228828305, 
120.4908208090, 
73.9551368467, 
65.1856623238, 
120.4908208090, 
130.0239885952, 
37.8263813488, 
65.1856623238, 
73.9551368467, 
75.6451399819, 
152.2360605162, 
102.5236836758, 
75.6451399819, 
102.5236836758, 
152.2360605162, 
38.2455188095, 
29.3286240090, 
38.2455188095, 
115.7343876590, 
94.5982851297, 
84.2298931558, 
115.7343876590, 
29.3286240090, 
63.6938578324, 
94.5982851297, 
32.8999035571, 
95.6479439987, 
63.6938578324, 
84.2298931558, 
32.8999035571, 
60.6633113722, 
60.4213998603, 
97.7851838183, 
60.6633113722, 
95.6479439987, 
27.1856414297, 
97.7851838183, 
23.3654116078, 
153.8516915803, 
60.4213998603, 
27.1856414297, 
43.5251072449, 
153.8516915803, 
23.3654116078, 
43.5251072449, 
32.6345320975, 
130.0239885952, 
32.6345320975, 
37.8263813488, 
28.9595114577, 
49.2347795013, 
49.2347795013, 
154.0462124004, 
36.6946979853, 
30.7268965908, 
28.9595114577, 
154.0462124004, 
31.7191978576, 
45.5338663001, 
31.7191978576, 
108.7816367294, 
130.0707524766, 
86.3805268087, 
45.5338663001, 
108.7816367294, 
55.6470206052, 
43.6372974473, 
134.2470857654, 
43.6372974473, 
134.2470857654, 
55.6470206052, 
134.6136589669, 
23.5223637239, 
55.9588808137, 
134.6136589669, 
55.9588808137, 
23.5223637239, 
44.6479629120, 
97.2638735196, 
44.6479629120, 
48.7521156815, 
124.1315543786, 
27.5106465641, 
97.2638735196, 
48.7521156815, 
108.4901593292, 
76.7610507930, 
108.4901593292, 
16.3389802276, 
16.3389802276, 
76.7610507930, 
109.5033588719, 
109.5033588719, 
119.1558254464, 
57.8885745073, 
90.2752192211, 
119.1558254464, 
90.2752192211, 
57.8885745073, 
146.7591034118, 
9.3729104167, 
9.3729104167, 
39.3543601976, 
44.2265926101, 
125.1841633723, 
146.7591034118, 
39.3543601976, 
125.1841633723, 
11.4895157102, 
44.2265926101, 
11.4895157102, 
124.1315543786, 
28.7783432550, 
27.5106465641, 
28.7783432550, 
135.3619685591, 
146.6060170294, 
135.3619685591, 
161.2812699324, 
146.6060170294, 
161.2812699324, 
86.3805268087, 
115.8461599550, 
130.0707524766, 
115.8461599550, 
54.7084686096, 
17.0632874110, 
120.8180411442, 
54.7084686096, 
47.9988535282, 
67.5599153601, 
120.8180411442, 
17.0632874110, 
42.8708309079, 
126.2571267529, 
42.8708309079, 
81.4257570462, 
22.8818652712, 
152.2945828069, 
126.2571267529, 
81.4257570462, 
152.2945828069, 
21.4238790089, 
22.8818652712, 
21.4238790089, 
46.3256196540, 
133.9657786509, 
46.3256196540, 
77.1191300409, 
24.2212516018, 
64.3622879744, 
133.9657786509, 
77.1191300409, 
64.3622879744, 
91.4223012811, 
64.1406868951, 
116.5082613684, 
24.2212516018, 
91.4223012811, 
47.6353514336, 
116.5082613684, 
25.2470418311, 
120.7594614997, 
64.1406868951, 
47.6353514336, 
120.7594614997, 
34.7079178997, 
141.7261522319, 
30.2026384179, 
25.2470418311, 
34.7079178997, 
141.7261522319, 
34.2707624645, 
69.8144590653, 
151.7261292065, 
34.2707624645, 
30.2026384179, 
151.7261292065, 
74.0628532441, 
40.5137867638, 
69.9262028538, 
69.8144590653, 
74.0628532441, 
47.8231684163, 
11.7928824079, 
138.5506521894, 
11.7928824079, 
138.5506521894, 
47.8231684163, 
48.1314923777, 
90.7435645304, 
77.1504460475, 
90.7435645304, 
48.1314923777, 
77.1504460475, 
144.3202780124, 
12.5932799737, 
37.3628080553, 
12.5932799737, 
37.3628080553, 
144.3202780124, 
38.5866372915, 
38.5866372915, 
132.7080945785, 
132.7080945785, 
69.9262028538, 
78.0105712056, 
40.5137867638, 
78.0105712056, 
64.6068301684, 
67.5599153601, 
47.9988535282, 
64.6068301684, 
47.8510766079, 
102.8625562265, 
102.8625562265, 
32.4645499477, 
47.8510766079, 
32.4645499477, 
34.5856374221, 
106.5292093639, 
104.0544284400, 
106.5292093639, 
94.3070410296, 
44.6523248718, 
34.5856374221, 
104.0544284400, 
94.3070410296, 
51.2733791582, 
44.6523248718, 
51.2733791582, 
56.1258612442, 
60.0183475766, 
56.1258612442, 
66.4306914099, 
60.0183475766, 
66.4306914099, 
27.6045222191, 
144.3252000641, 
144.3252000641, 
9.6072535049, 
144.2181815747, 
34.1681106266, 
27.6045222191, 
9.6072535049, 
134.3272638888, 
30.5370156919, 
134.3272638888, 
39.0102175586, 
43.0693315444, 
29.3151873624, 
30.5370156919, 
39.0102175586, 
71.1745411604, 
88.4597161176, 
71.7228749843, 
71.1745411604, 
71.7228749843, 
88.4597161176, 
81.5501433649, 
93.5151190740, 
15.8885699826, 
93.5151190740, 
98.9700841014, 
31.4309806034, 
15.8885699826, 
81.5501433649, 
85.8409864012, 
36.2248449110, 
85.8409864012, 
59.7305083318, 
36.2248449110, 
59.7305083318, 
11.5121929316, 
12.1308830337, 
176.6201139782, 
12.1308830337, 
11.5121929316, 
176.6201139782, 
150.5867426758, 
150.5867426758, 
51.4016643590, 
31.4309806034, 
123.3828453004, 
13.1134767066, 
51.4016643590, 
98.9700841014, 
64.1419993554, 
64.1419993554, 
13.4240608819, 
94.9214736618, 
13.4240608819, 
94.7596411667, 
94.9214736618, 
94.7596411667, 
123.3828453004, 
46.6999914848, 
45.7999514715, 
120.5275988605, 
46.6999914848, 
13.1134767066, 
53.0827125214, 
62.4346754478, 
53.0827125214, 
64.5090664710, 
150.9292248261, 
27.1090412161, 
64.5090664710, 
62.4346754478, 
78.7689315900, 
83.4365173459, 
20.7978694839, 
83.4365173459, 
20.7978694839, 
78.7689315900, 
65.3065938286, 
29.4489648407, 
65.3065938286, 
111.4656618687, 
79.0856033377, 
112.2283764897, 
29.4489648407, 
111.4656618687, 
19.1597962292, 
96.9583733692, 
64.3650971730, 
96.9583733692, 
31.4792856271, 
67.0009018476, 
64.3650971730, 
19.1597962292, 
115.2762420715, 
33.9903429658, 
115.2762420715, 
51.8983769402, 
75.5807161869, 
41.6820275564, 
51.8983769402, 
33.9903429658, 
75.5807161869, 
144.3340292288, 
41.6820275564, 
144.3340292288, 
34.6679670955, 
43.4455308174, 
103.2502506487, 
43.4455308174, 
32.9617122138, 
140.2441403338, 
34.6679670955, 
103.2502506487, 
140.2441403338, 
45.0086691226, 
136.9289958259, 
41.5804530315, 
32.9617122138, 
45.0086691226, 
47.9863343072, 
41.5804530315, 
136.9289958259, 
47.9863343072, 
31.4792856271, 
81.5307832078, 
67.0009018476, 
81.5307832078, 
21.9235421529, 
165.1168912978, 
21.9235421529, 
34.8850248212, 
93.5061850294, 
94.8229859796, 
34.8850248212, 
165.1168912978, 
87.9720934880, 
87.9720934880, 
103.0664246347, 
103.0664246347, 
93.5061850294, 
8.8289212857, 
130.2150699258, 
11.6628048041, 
94.8229859796, 
8.8289212857, 
17.7734230865, 
17.7734230865, 
138.6933664168, 
23.8222820638, 
18.9266069085, 
138.6933664168, 
18.9266069085, 
23.8222820638, 
151.3914720381, 
98.8474364424, 
9.0664591713, 
29.6853086053, 
9.0664591713, 
74.0363385799, 
151.3914720381, 
81.6383032351, 
29.6853086053, 
119.5950205328, 
14.4663683104, 
81.6383032351, 
98.8474364424, 
74.0363385799, 
109.5221473310, 
56.1455452021, 
56.1455452021, 
20.1834837615, 
109.5221473310, 
20.1834837615, 
45.9398756880, 
119.5950205328, 
45.9398756880, 
14.4663683104, 
41.4399351278, 
130.2150699258, 
41.4399351278, 
11.6628048041, 
68.3946641728, 
79.0856033377, 
68.3946641728, 
112.2283764897, 
44.9479088587, 
8.6988970465, 
44.9479088587, 
130.5732328125, 
8.6988970465, 
130.5732328125, 
150.9292248261, 
7.8023171503, 
27.1090412161, 
7.8023171503, 
54.1279507888, 
16.2598458470, 
54.1279507888, 
110.5104019762, 
16.2598458470, 
110.5104019762, 
13.8191765963, 
120.5275988605, 
86.1034848839, 
123.5611826574, 
13.8191765963, 
45.7999514715, 
86.1034848839, 
88.0965413805, 
123.5611826574, 
88.0965413805, 
43.0693315444, 
157.0463784788, 
60.7921536497, 
42.0455984983, 
29.3151873624, 
157.0463784788, 
60.7921536497, 
125.1916349584, 
34.8452088367, 
86.8117908157, 
42.0455984983, 
125.1916349584, 
34.8452088367, 
71.3803782716, 
81.8593852825, 
132.4844363970, 
71.3803782716, 
86.8117908157, 
81.8593852825, 
76.3606443186, 
85.3648318034, 
104.7258202919, 
76.3606443186, 
132.4844363970, 
27.5203254552, 
85.3648318034, 
121.3377537624, 
86.4394490697, 
27.5203254552, 
104.7258202919, 
77.6904991059, 
77.6904991059, 
98.1311336056, 
61.2963135345, 
24.7754997662, 
98.1311336056, 
13.4342200445, 
58.7870944602, 
24.7754997662, 
61.2963135345, 
48.8992959302, 
50.8063643292, 
107.7773089175, 
48.8992959302, 
30.4938407877, 
27.4657165558, 
107.7773089175, 
50.8063643292, 
122.9612726808, 
27.4657165558, 
122.9612726808, 
30.4938407877, 
13.4342200445, 
123.0480719070, 
123.0480719070, 
58.7870944602, 
46.1793458669, 
46.1793458669, 
27.8325550693, 
86.4394490697, 
27.8325550693, 
121.3377537624, 
163.0900418569, 
34.8600129005, 
32.9144784302, 
34.8600129005, 
97.1187388210, 
1.3719312627, 
32.9144784302, 
163.0900418569, 
121.0739690862, 
30.2259092272, 
121.0739690862, 
31.9013595976, 
52.6982230905, 
34.1428676433, 
31.9013595976, 
30.2259092272, 
46.4494115832, 
46.4494115832, 
41.8136264303, 
20.9351065090, 
41.8136264303, 
131.4747442649, 
36.9018655134, 
20.9351065090, 
131.4747442649, 
36.9018655134, 
148.9510231247, 
34.1428676433, 
52.6982230905, 
148.9510231247, 
83.2656372520, 
1.3719312627, 
83.2656372520, 
97.1187388210, 
144.2181815747, 
17.9876468799, 
34.1681106266, 
17.9876468799, 
123.3844631309, 
30.7268965908, 
36.6946979853, 
123.3844631309, 
143.1143354864, 
8.9566178713, 
44.1161322093, 
143.1143354864, 
50.4628054604, 
75.5828450065, 
50.4628054604, 
55.3000409850, 
75.5828450065, 
55.3000409850, 
50.4628054604, 
55.3000409850, 
173.0405159073, 
177.2776491129, 
50.4628054604, 
55.3000409850, 
73.1094031738, 
73.1094031738, 
14.9993313186, 
78.2855638984, 
95.3348313526, 
57.0287048668, 
44.0206069273, 
57.0287048668, 
95.3348313526, 
44.0206069273, 
57.7658965706, 
95.4492859031, 
26.7873675983, 
57.7658965706, 
26.7873675983, 
95.4492859031, 
129.2837050685, 
32.2241319474, 
32.2241319474, 
129.2837050685, 
39.5154318565, 
39.5154318565, 
74.4826046224, 
115.5850823388, 
39.5154318565, 
32.2241319474, 
39.5154318565, 
32.2241319474, 
173.0425672527, 
36.9451789177, 
36.9451789177, 
73.2168261074, 
17.4421175079, 
73.2168261074, 
112.9897051525, 
112.9897051525, 
17.4421175079, 
78.9628467900, 
95.3073339872, 
78.9628467900, 
16.9891878946, 
95.3073339872, 
16.9891878946, 
84.8701983249, 
101.0093296865, 
160.4524805449, 
101.0093296865, 
80.4688491569, 
136.3522719427, 
160.4524805449, 
84.8701983249, 
102.5796730270, 
74.3925023233, 
61.0407064747, 
74.3925023233, 
102.5796730270, 
61.0407064747, 
67.7814040605, 
66.7858675020, 
81.0950494493, 
66.7858675020, 
15.7779437242, 
67.7814040605, 
81.0950494493, 
51.5395431906, 
65.7905823285, 
68.1186127751, 
65.7905823285, 
34.8504168593, 
137.2356396167, 
51.5395431906, 
68.1186127751, 
34.8504168593, 
15.4677736121, 
137.2356396167, 
15.4677736121, 
15.7779437242, 
58.7052342092, 
126.5641225363, 
61.1134361487, 
126.5641225363, 
58.7052342092, 
61.1134361487, 
62.1758501911, 
29.3742438712, 
62.1758501911, 
98.2699893360, 
29.3742438712, 
98.2699893360, 
56.4599932905, 
29.6873912784, 
110.1413439786, 
29.6873912784, 
110.1413439786, 
56.4599932905, 
93.3811704266, 
99.2548532958, 
45.9157346641, 
99.2548532958, 
109.2858815807, 
33.0430658037, 
93.3811704266, 
45.9157346641, 
56.2443979205, 
86.5855237585, 
56.2443979205, 
37.1942421211, 
51.0653753763, 
34.1206988853, 
86.5855237585, 
37.1942421211, 
108.9448480078, 
10.5249112915, 
108.9448480078, 
60.9949332994, 
10.5249112915, 
60.9949332994, 
48.8445710941, 
28.2412785715, 
48.8445710941, 
126.2377835509, 
28.2412785715, 
126.2377835509, 
134.3557607169, 
58.5045189804, 
134.3557607169, 
28.5518084763, 
163.1430881565, 
71.4547868793, 
58.5045189804, 
28.5518084763, 
99.6110376925, 
99.6110376925, 
17.6144965684, 
17.6144965684, 
74.6510906884, 
71.4547868793, 
55.0474723928, 
74.6510906884, 
163.1430881565, 
55.0474723928, 
95.0757434931, 
34.1206988853, 
30.7633560636, 
79.8464134502, 
95.0757434931, 
51.0653753763, 
76.9547896410, 
25.5007468961, 
76.9547896410, 
93.1482983719, 
93.1482983719, 
25.5007468961, 
120.6907624418, 
26.1523808441, 
26.1523808441, 
37.5813529368, 
35.2202921063, 
98.4737084731, 
120.6907624418, 
37.5813529368, 
19.0783178448, 
19.0783178448, 
111.9359937612, 
60.7003387435, 
111.9359937612, 
17.6801535897, 
63.9430397066, 
96.3648480082, 
60.7003387435, 
17.6801535897, 
37.5020665971, 
37.5020665971, 
26.1720735491, 
43.8837130711, 
26.1720735491, 
161.8029891298, 
43.8837130711, 
161.8029891298, 
96.3648480082, 
117.1108528987, 
56.4843643212, 
86.4734699544, 
63.9430397066, 
117.1108528987, 
48.8694233367, 
76.0791714280, 
60.3704221106, 
76.0791714280, 
60.3704221106, 
48.8694233367, 
56.4843643212, 
137.0215244281, 
86.4734699544, 
137.0215244281, 
98.4737084731, 
98.3185761106, 
35.2202921063, 
98.3185761106, 
30.7633560636, 
78.6525077511, 
79.8464134502, 
78.6525077511, 
109.2858815807, 
57.3910800394, 
33.0430658037, 
57.3910800394, 
136.3522719427, 
55.1972768080, 
97.9108514043, 
92.0347952536, 
80.4688491569, 
55.1972768080, 
56.8860929787, 
97.9108514043, 
56.8860929787, 
92.0347952536, 
52.4828860803, 
85.4680712412, 
47.2940842013, 
85.4680712412, 
52.4828860803, 
47.2940842013, 
60.1106630452, 
60.1106630452, 
115.5850823388, 
37.0464944282, 
74.4826046224, 
37.0464944282, 
102.8458733245, 
6.3690274429, 
76.3070703779, 
102.8458733245, 
100.2387020012, 
40.6287115465, 
76.3070703779, 
6.3690274429, 
51.2340578516, 
51.2340578516, 
22.6650751771, 
136.5674248984, 
24.0160854074, 
136.5674248984, 
24.0160854074, 
22.6650751771, 
50.2059260897, 
22.8546229645, 
107.1978487682, 
50.2059260897, 
77.5817732851, 
101.4067402851, 
107.1978487682, 
22.8546229645, 
13.5348779177, 
13.5348779177, 
13.5348779177, 
175.0914192990, 
169.8080064823, 
13.5348779177, 
29.3036612486, 
29.3036612486, 
77.5817732851, 
10.8911841409, 
75.3069849422, 
57.3199641639, 
10.8911841409, 
101.4067402851, 
75.3069849422, 
73.0580127486, 
73.0580127486, 
57.3199641639, 
120.5971384321, 
60.6308451283, 
2.0534797410, 
60.6308451283, 
120.5971384321, 
2.0534797410, 
30.9710802763, 
147.6922144891, 
2.0232664315, 
30.9710802763, 
2.0232664315, 
147.6922144891, 
100.2387020012, 
70.1405191813, 
62.7599598513, 
84.4405283358, 
70.1405191813, 
40.6287115465, 
62.7599598513, 
55.1294011560, 
55.1294011560, 
84.4405283358, 
68.6631005976, 
86.3137385649, 
133.8211760418, 
57.1965127217, 
27.8500982369, 
68.6631005976, 
141.6939403079, 
141.6939403079, 
139.7051724699, 
57.3608425619, 
139.7051724699, 
19.2703680916, 
19.2703680916, 
57.3608425619, 
68.1528380520, 
71.5959069439, 
71.5959069439, 
157.7593508251, 
12.4138748968, 
29.6478533774, 
68.1528380520, 
157.7593508251, 
5.0741404075, 
5.0743299612, 
170.3926956401, 
5.0743299612, 
5.0741404075, 
170.3926956401, 
55.1049303609, 
32.3329834205, 
112.0297109695, 
32.3329834205, 
55.1049303609, 
112.0297109695, 
42.3812381917, 
14.7613573100, 
125.4049287040, 
14.7613573100, 
103.7395628770, 
117.3775891592, 
125.4049287040, 
42.3812381917, 
117.3775891592, 
52.5457497983, 
103.7395628770, 
52.5457497983, 
12.4138748968, 
137.9387453830, 
38.8059594789, 
150.3090443203, 
29.6478533774, 
137.9387453830, 
82.0349267691, 
38.4676918157, 
132.1830105901, 
38.4676918157, 
132.1830105901, 
82.0349267691, 
150.3090443203, 
32.3121493489, 
38.8059594789, 
32.3121493489, 
133.8211760418, 
24.0525599931, 
56.2726098832, 
38.2020459743, 
57.1965127217, 
24.0525599931, 
92.6926656006, 
13.9705869347, 
13.9705869347, 
91.4247512105, 
90.2703713716, 
43.7900918221, 
92.6926656006, 
91.4247512105, 
90.2703713716, 
52.2432999684, 
43.7900918221, 
52.2432999684, 
56.2726098832, 
86.2449026600, 
9.0231514107, 
68.5186774215, 
38.2020459743, 
86.2449026600, 
9.0231514107, 
111.7030714671, 
111.7030714671, 
68.5186774215, 
64.0157919206, 
66.9871907006, 
7.9837113220, 
64.0157919206, 
176.7631220858, 
108.3422289360, 
176.7631220858, 
66.9871907006, 
105.3200957128, 
115.5009357401, 
19.3125526853, 
115.5009357401, 
45.6232225909, 
19.3125526853, 
45.6232225909, 
1.2679719877, 
1.2679719877, 
63.7810329834, 
60.4193521954, 
55.8092418992, 
63.7810329834, 
55.8092418992, 
60.4193521954, 
38.3154122138, 
58.2753936560, 
44.6350721647, 
58.2753936560, 
122.8044012364, 
77.6295390253, 
44.6350721647, 
121.8066935624, 
77.6295390253, 
38.3154122138, 
122.8044012364, 
121.8066935624, 
79.4604080467, 
17.2280499008, 
87.0145709684, 
17.2280499008, 
29.1050311621, 
137.5247622229, 
79.4604080467, 
87.0145709684, 
28.7110162280, 
62.1938745720, 
28.7110162280, 
130.8029291409, 
130.8029291409, 
62.1938745720, 
29.1050311621, 
13.4545198952, 
111.1932066997, 
62.5406087133, 
13.4545198952, 
137.5247622229, 
139.9334479158, 
83.1725476645, 
101.6009966734, 
139.9334479158, 
101.6009966734, 
83.1725476645, 
70.8017809180, 
4.1462139906, 
70.8017809180, 
108.8948410481, 
22.6095715892, 
4.1462139906, 
108.8948410481, 
38.4743572347, 
90.8971060650, 
90.8971060650, 
51.5089781924, 
44.5105801087, 
95.6790451727, 
38.4743572347, 
51.5089781924, 
30.2076659639, 
55.4712832845, 
95.0265984524, 
55.4712832845, 
13.1875339533, 
80.1788999662, 
30.2076659639, 
95.0265984524, 
80.2120703334, 
23.6878139837, 
80.2120703334, 
79.6198074234, 
44.9395092200, 
96.2559787177, 
79.6198074234, 
23.6878139837, 
99.6222049519, 
58.6619079304, 
99.6222049519, 
43.1306010177, 
58.6619079304, 
43.1306010177, 
46.0399937408, 
96.2559787177, 
55.3573002407, 
83.6873858553, 
44.9395092200, 
46.0399937408, 
25.6687334483, 
91.2834739018, 
79.5889812766, 
25.6687334483, 
79.5889812766, 
91.2834739018, 
77.0688753047, 
134.8997772730, 
77.0688753047, 
32.1380679190, 
32.1380679190, 
134.8997772730, 
42.1864074169, 
44.6385143879, 
153.6938348240, 
44.6385143879, 
153.6938348240, 
42.1864074169, 
168.5942023904, 
7.7294519913, 
12.8268328701, 
168.5942023904, 
12.8268328701, 
7.7294519913, 
14.6902597769, 
140.3860025495, 
43.5653465380, 
14.6902597769, 
43.5653465380, 
140.3860025495, 
92.5132672008, 
17.2344282851, 
92.5132672008, 
82.1826039259, 
17.2344282851, 
82.1826039259, 
51.5862837142, 
149.2519850748, 
149.2519850748, 
24.1057449015, 
65.9568505247, 
69.9843781821, 
51.5862837142, 
24.1057449015, 
18.5818016790, 
18.5818016790, 
137.4124903790, 
69.9843781821, 
30.1530392828, 
32.3260443730, 
65.9568505247, 
137.4124903790, 
88.6100870816, 
7.3590053801, 
88.6100870816, 
84.4270077403, 
84.4270077403, 
7.3590053801, 
104.6566157104, 
61.4464865201, 
104.6566157104, 
67.1693429917, 
67.1693429917, 
61.4464865201, 
5.5193190520, 
138.1851910625, 
42.3999374425, 
5.5193190520, 
42.3999374425, 
138.1851910625, 
125.0696832980, 
32.3260443730, 
30.1530392828, 
125.0696832980, 
105.6445729949, 
83.6873858553, 
55.3573002407, 
105.6445729949, 
77.3387682846, 
53.7391361218, 
77.3387682846, 
114.2236176584, 
49.9933758730, 
50.7614244767, 
53.7391361218, 
114.2236176584, 
39.2243447812, 
107.8700091819, 
39.2243447812, 
49.0011058189, 
12.6857020759, 
158.2303153291, 
49.0011058189, 
107.8700091819, 
47.0813125610, 
116.4382383711, 
47.0813125610, 
63.0228966330, 
116.4382383711, 
63.0228966330, 
102.9199316892, 
42.2217440332, 
102.9199316892, 
43.5365625687, 
42.2217440332, 
43.5365625687, 
9.6435899298, 
158.2303153291, 
12.6857020759, 
9.6435899298, 
31.3214971318, 
66.5856117736, 
31.3214971318, 
84.6834677458, 
66.5856117736, 
84.6834677458, 
49.9933758730, 
123.1368622181, 
50.7614244767, 
123.1368622181, 
112.9633181296, 
80.1788999662, 
112.9633181296, 
13.1875339533, 
136.0463568294, 
32.4644181259, 
64.6033047528, 
136.0463568294, 
64.6033047528, 
32.4644181259, 
82.0312934897, 
72.5196463657, 
72.5196463657, 
29.8377733741, 
82.0312934897, 
29.8377733741, 
5.4891228066, 
5.4891228066, 
177.1518657539, 
5.4891228066, 
174.0576040648, 
5.4891228066, 
44.3995669325, 
44.3995669325, 
129.9767144218, 
64.5272802331, 
16.1153811382, 
64.5272802331, 
129.9767144218, 
16.1153811382, 
73.1982760335, 
99.2459505778, 
99.2459505778, 
70.7247339816, 
70.3805337921, 
4.9671476621, 
73.1982760335, 
70.7247339816, 
108.5969674474, 
4.9671476621, 
77.4197229502, 
108.5969674474, 
70.3805337921, 
77.4197229502, 
40.6126350676, 
95.6790451727, 
44.5105801087, 
40.6126350676, 
54.6597899771, 
26.2273852689, 
137.6117080671, 
26.2273852689, 
53.8211424801, 
68.7616747804, 
137.6117080671, 
54.6597899771, 
57.4210681419, 
53.8211424801, 
57.4210681419, 
68.7616747804, 
22.6095715892, 
111.1932066997, 
59.2697112547, 
62.5406087133, 
59.2697112547, 
135.9187701906, 
14.5024854183, 
135.9187701906, 
33.7610175014, 
14.5024854183, 
33.7610175014, 
16.1374382505, 
100.3223985920, 
95.7882075221, 
16.1374382505, 
36.4311866275, 
30.1055894471, 
36.4311866275, 
134.0865124629, 
30.1055894471, 
134.0865124629, 
51.3075010103, 
22.4119403589, 
51.3075010103, 
118.3085995776, 
22.4119403589, 
118.3085995776, 
57.0954688548, 
54.2472322210, 
71.5596817561, 
57.0954688548, 
84.6261413233, 
51.5285843055, 
128.1459270690, 
51.5285843055, 
84.6261413233, 
128.1459270690, 
75.4574723781, 
46.6914363892, 
92.0326635852, 
75.4574723781, 
77.7622209358, 
60.7144235791, 
92.0326635852, 
46.6914363892, 
77.7622209358, 
161.5646591824, 
53.0708081010, 
13.1645369031, 
60.7144235791, 
161.5646591824, 
79.9295661658, 
63.9383412063, 
63.9383412063, 
152.1714582919, 
79.9295661658, 
152.1714582919, 
53.0708081010, 
120.6739696195, 
82.5775307911, 
67.5137342471, 
120.6739696195, 
13.1645369031, 
38.9989060899, 
67.5137342471, 
82.5775307911, 
38.9989060899, 
109.1470487107, 
1.3723430138, 
109.1470487107, 
69.4956934907, 
99.1233387873, 
130.4929291735, 
1.3723430138, 
69.4956934907, 
54.4435870330, 
130.4929291735, 
99.1233387873, 
54.4435870330, 
74.3625906065, 
19.0042683417, 
21.0175255709, 
38.6905389108, 
74.3625906065, 
91.6462153219, 
26.0056829796, 
108.7860608418, 
26.0056829796, 
45.8939510444, 
113.7954192220, 
38.5927939576, 
108.7860608418, 
45.8939510444, 
61.6967825699, 
113.7954192220, 
61.6967825699, 
38.5927939576, 
138.9190375110, 
38.6905389108, 
33.8974375952, 
27.6151577116, 
138.9190375110, 
21.0175255709, 
71.5692391266, 
53.6434028042, 
62.9263732385, 
53.6434028042, 
21.2950212485, 
35.8794537529, 
62.9263732385, 
71.5692391266, 
56.0794965117, 
56.0794965117, 
92.4241299827, 
92.4241299827, 
21.2950212485, 
131.8341874778, 
35.8794537529, 
131.8341874778, 
27.6151577116, 
154.3105224068, 
133.1176197794, 
16.3240994137, 
33.8974375952, 
154.3105224068, 
128.8586319274, 
64.2002022739, 
98.2430082107, 
64.2002022739, 
128.8586319274, 
98.2430082107, 
34.0407545844, 
16.3240994137, 
35.0735084356, 
145.6365530793, 
133.1176197794, 
34.0407545844, 
20.0210448202, 
145.6365530793, 
35.0735084356, 
20.0210448202, 
61.9381783097, 
15.8798448441, 
61.9381783097, 
104.9636399827, 
104.9636399827, 
15.8798448441, 
48.0151261098, 
101.9111876016, 
50.4275601102, 
26.4181440889, 
35.4193430526, 
101.9111876016, 
111.8335003697, 
26.4181440889, 
79.0764889690, 
97.8184678681, 
50.4275601102, 
111.8335003697, 
79.0764889690, 
8.1358399773, 
97.8184678681, 
8.1358399773, 
130.5375289351, 
39.2165252591, 
10.3969414062, 
39.2165252591, 
37.7437445393, 
137.8488812984, 
22.3769228035, 
37.7437445393, 
82.1283947659, 
120.2225296540, 
37.7710472905, 
37.7710472905, 
88.5132795389, 
120.2225296540, 
37.7710472905, 
161.4452270603, 
37.7710472905, 
22.7945254590, 
22.7945254590, 
86.2400958823, 
20.9993917761, 
86.2400958823, 
80.2961590734, 
101.1508287125, 
42.4717358099, 
20.9993917761, 
80.2961590734, 
36.5297035113, 
42.4717358099, 
101.1508287125, 
36.5297035113, 
5.1254652235, 
156.2743624023, 
26.4251123518, 
156.2743624023, 
156.0846555415, 
72.3625241074, 
156.0846555415, 
58.3846417522, 
72.3625241074, 
58.3846417522, 
26.8738664079, 
157.4554632901, 
8.7332221771, 
110.0708518183, 
26.8738664079, 
28.3101667244, 
8.7332221771, 
78.2734965910, 
78.2734965910, 
110.0708518183, 
89.4797684979, 
76.8552893872, 
89.4797684979, 
14.8901806939, 
14.8901806939, 
76.8552893872, 
76.5325382028, 
130.5955234432, 
137.9882329074, 
7.0341058963, 
27.1797034874, 
76.5325382028, 
7.0341058963, 
36.8953977614, 
15.2623751805, 
68.7816380695, 
137.9882329074, 
36.8953977614, 
15.2623751805, 
101.0385729123, 
161.4718351700, 
11.2790908077, 
68.7816380695, 
101.0385729123, 
43.9343417430, 
121.0394338557, 
33.0918971028, 
121.0394338557, 
33.0918971028, 
43.9343417430, 
24.3285093595, 
161.4718351700, 
24.3285093595, 
11.2790908077, 
110.9835020865, 
33.9704661422, 
110.9835020865, 
73.1662211370, 
110.0746696857, 
49.6591486483, 
20.5972200069, 
110.0746696857, 
20.5972200069, 
49.6591486483, 
